8 0.6435546875 0.8388671875 0.1298828125 0.07421875
8 0.6064453125 0.158203125 0.2314453125 0.193359375
8 0.4267578125 0.283203125 0.2099609375 0.1083984375
8 0.6630859375 0.3076171875 0.1845703125 0.0791015625
8 0.849609375 0.689453125 0.1728515625 0.0771484375
8 0.791015625 0.5869140625 0.2001953125 0.0986328125
8 0.4755859375 0.435546875 0.078125 0.072265625
8 0.380859375 0.4580078125 0.1787109375 0.0869140625
8 0.712890625 0.43359375 0.1669921875 0.0693359375
8 0.8984375 0.7685546875 0.203125 0.099609375
8 0.6572265625 0.75 0.0869140625 0.068359375
8 0.4638671875 0.5185546875 0.08203125 0.072265625