6 0.35546875 0.2666015625 0.1171875 0.2900390625
6 0.4208984375 0.6298828125 0.2353515625 0.3505859375
6 0.52734375 0.2783203125 0.1044921875 0.1220703125
6 0.9345703125 0.1611328125 0.1201171875 0.197265625
6 0.7041015625 0.560546875 0.177734375 0.3427734375
6 0.8828125 0.3779296875 0.232421875 0.2099609375
6 0.744140625 0.2490234375 0.16015625 0.3291015625
6 0.48046875 0.4189453125 0.1962890625 0.1728515625
6 0.6328125 0.4345703125 0.140625 0.2587890625
6 0.8994140625 0.6474609375 0.201171875 0.33203125
6 0.3349609375 0.796875 0.208984375 0.40625
6 0.478515625 0.0859375 0.17578125 0.171875