8 0.8046875 0.421875 0.0283203125 0.0654296875
8 0.8203125 0.2294921875 0.0947265625 0.103515625
8 0.623046875 0.384765625 0.076171875 0.0498046875
8 0.2578125 0.3466796875 0.052734375 0.099609375
8 0.3193359375 0.3759765625 0.08203125 0.052734375
8 0.5380859375 0.7880859375 0.0419921875 0.091796875
8 0.734375 0.7392578125 0.083984375 0.068359375
8 0.3154296875 0.4921875 0.083984375 0.05078125
8 0.634765625 0.556640625 0.0478515625 0.0732421875
8 0.9296875 0.6357421875 0.03515625 0.080078125
8 0.9033203125 0.4765625 0.0654296875 0.0849609375
8 0.908203125 0.220703125 0.056640625 0.087890625
8 0.205078125 0.18359375 0.0439453125 0.12890625
8 0.306640625 0.205078125 0.0654296875 0.1171875
8 0.513671875 0.2373046875 0.0546875 0.0966796875
8 0.2236328125 0.8671875 0.0537109375 0.06640625
8 0.251953125 0.6328125 0.0634765625 0.0791015625
8 0.3505859375 0.6650390625 0.0830078125 0.0546875
8 0.3212890625 0.5966796875 0.0673828125 0.1220703125
8 0.5927734375 0.701171875 0.060546875 0.078125
8 0.763671875 0.869140625 0.068359375 0.1103515625
8 0.7001953125 0.9658203125 0.091796875 0.068359375
8 0.3916015625 0.9541015625 0.037109375 0.091796875
8 0.3486328125 0.91015625 0.0439453125 0.107421875
8 0.40234375 0.7958984375 0.06640625 0.0546875
8 0.4638671875 0.7646484375 0.04296875 0.107421875
8 0.439453125 0.857421875 0.0537109375 0.0595703125
8 0.419921875 0.587890625 0.068359375 0.095703125
8 0.845703125 0.5927734375 0.0498046875 0.076171875
8 0.412109375 0.455078125 0.0654296875 0.072265625
8 0.935546875 0.515625 0.0419921875 0.087890625
8 0.5556640625 0.15234375 0.0458984375 0.09765625
8 0.185546875 0.89453125 0.044921875 0.076171875