8 0.38671875 0.59765625 0.1728515625 0.2509765625
8 0.5478515625 0.662109375 0.169921875 0.3017578125
8 0.224609375 0.8486328125 0.13671875 0.216796875
8 0.4287109375 0.80859375 0.203125 0.162109375
8 0.6767578125 0.1357421875 0.212890625 0.14453125
8 0.205078125 0.5556640625 0.15625 0.3193359375
8 0.8291015625 0.86328125 0.201171875 0.2734375
8 0.7998046875 0.5703125 0.20703125 0.2216796875
8 0.412109375 0.1748046875 0.109375 0.220703125
8 0.6494140625 0.7880859375 0.1513671875 0.2568359375
8 0.638671875 0.341796875 0.177734375 0.212890625