8 0.5537109375 0.8505859375 0.18359375 0.298828125
8 0.8759765625 0.4521484375 0.22265625 0.2744140625
8 0.658203125 0.40234375 0.1083984375 0.162109375
8 0.7236328125 0.4462890625 0.138671875 0.1591796875
8 0.3271484375 0.169921875 0.2802734375 0.2958984375
8 0.5419921875 0.2568359375 0.236328125 0.2099609375
8 0.3310546875 0.5439453125 0.1220703125 0.205078125
8 0.140625 0.591796875 0.181640625 0.2802734375
8 0.2021484375 0.2880859375 0.26953125 0.1826171875
8 0.5166015625 0.5283203125 0.189453125 0.169921875
8 0.7080078125 0.779296875 0.12890625 0.392578125