8 0.2607421875 0.9501953125 0.072265625 0.087890625
8 0.2919921875 0.8271484375 0.068359375 0.076171875
8 0.35546875 0.84375 0.0703125 0.0625
8 0.81640625 0.48046875 0.123046875 0.064453125
8 0.7958984375 0.5791015625 0.142578125 0.1025390625
8 0.498046875 0.6787109375 0.0927734375 0.080078125
8 0.609375 0.7021484375 0.125 0.119140625
8 0.3955078125 0.7509765625 0.078125 0.091796875
8 0.50390625 0.8408203125 0.080078125 0.08203125
8 0.4970703125 0.49609375 0.130859375 0.060546875
8 0.921875 0.6884765625 0.103515625 0.0859375
8 0.787109375 0.6767578125 0.13671875 0.0908203125
8 0.443359375 0.611328125 0.13671875 0.0908203125
8 0.4970703125 0.3818359375 0.123046875 0.087890625
8 0.5693359375 0.326171875 0.1328125 0.1298828125
8 0.171875 0.5400390625 0.25 0.1982421875
8 0.11328125 0.7626953125 0.220703125 0.1748046875
8 0.697265625 0.923828125 0.33203125 0.1376953125
8 0.78515625 0.81640625 0.2919921875 0.1455078125
8 0.830078125 0.783203125 0.140625 0.107421875
8 0.380859375 0.9365234375 0.07421875 0.0478515625
8 0.576171875 0.7890625 0.107421875 0.05859375
8 0.6328125 0.3857421875 0.1064453125 0.0595703125
1 0.283203125 0.19921875 0.259765625 0.205078125