8 0.1044921875 0.7919921875 0.2080078125 0.099609375
8 0.111328125 0.6533203125 0.2216796875 0.103515625
8 0.3515625 0.6474609375 0.16796875 0.076171875
8 0.8486328125 0.525390625 0.302734375 0.10546875
8 0.6416015625 0.5595703125 0.111328125 0.103515625
8 0.24609375 0.3486328125 0.0927734375 0.119140625
8 0.296875 0.505859375 0.12109375 0.072265625
8 0.451171875 0.5546875 0.095703125 0.0908203125
8 0.1064453125 0.4052734375 0.134765625 0.166015625
8 0.51171875 0.3837890625 0.09765625 0.162109375
8 0.458984375 0.72265625 0.333984375 0.1298828125
1 0.83203125 0.908203125 0.10546875 0.1259765625
8 0.3876953125 0.4140625 0.0947265625 0.130859375
8 0.658203125 0.4345703125 0.09375 0.146484375
8 0.5712890625 0.4619140625 0.064453125 0.076171875