8 0.37890625 0.4208984375 0.1220703125 0.06640625
8 0.0859375 0.2099609375 0.1025390625 0.080078125
8 0.478515625 0.27734375 0.1640625 0.0732421875
8 0.6455078125 0.806640625 0.087890625 0.10546875
8 0.595703125 0.45703125 0.076171875 0.080078125
8 0.580078125 0.1396484375 0.173828125 0.1435546875
8 0.6953125 0.2802734375 0.234375 0.09765625
8 0.7294921875 0.494140625 0.2109375 0.0654296875
8 0.5185546875 0.654296875 0.0830078125 0.0771484375
8 0.5322265625 0.7578125 0.255859375 0.083984375
8 0.29296875 0.8330078125 0.181640625 0.09765625
8 0.7255859375 0.7080078125 0.080078125 0.103515625
8 0.92578125 0.56640625 0.138671875 0.087890625
8 0.8427734375 0.6953125 0.1005859375 0.126953125
8 0.7607421875 0.5390625 0.12109375 0.109375
8 0.43359375 0.8876953125 0.103515625 0.0703125
8 0.9033203125 0.3671875 0.193359375 0.12890625
8 0.0771484375 0.650390625 0.154296875 0.1455078125
8 0.62109375 0.568359375 0.1640625 0.0888671875
8 0.4775390625 0.603515625 0.1474609375 0.072265625
8 0.7705078125 0.3447265625 0.130859375 0.0693359375
8 0.12890625 0.548828125 0.1494140625 0.099609375
8 0.224609375 0.90625 0.1298828125 0.0830078125