8 0.2587890625 0.3017578125 0.103515625 0.099609375
8 0.3447265625 0.2119140625 0.130859375 0.1865234375
8 0.3232421875 0.5244140625 0.21875 0.1669921875
8 0.6591796875 0.7509765625 0.10546875 0.1865234375
8 0.7255859375 0.607421875 0.103515625 0.0693359375
8 0.53515625 0.6181640625 0.138671875 0.07421875
8 0.4375 0.8154296875 0.1201171875 0.1015625
8 0.5439453125 0.890625 0.1171875 0.1513671875
8 0.103515625 0.67578125 0.17578125 0.1171875
8 0.6416015625 0.927734375 0.1064453125 0.130859375
8 0.287109375 0.4052734375 0.1259765625 0.099609375
8 0.0654296875 0.4892578125 0.1298828125 0.130859375
8 0.7333984375 0.54296875 0.130859375 0.05078125
8 0.4814453125 0.5068359375 0.0927734375 0.12109375
8 0.44140625 0.3232421875 0.1015625 0.080078125
8 0.4267578125 0.2275390625 0.1181640625 0.109375
8 0.720703125 0.3310546875 0.0830078125 0.111328125
8 0.5595703125 0.2177734375 0.0810546875 0.09765625
8 0.4658203125 0.40625 0.0849609375 0.1015625
8 0.5419921875 0.4033203125 0.0537109375 0.09765625
8 0.3271484375 0.7900390625 0.0458984375 0.095703125