8 0.611328125 0.759765625 0.064453125 0.1650390625
8 0.42578125 0.50390625 0.0869140625 0.1337890625
8 0.8408203125 0.8623046875 0.099609375 0.275390625
8 0.87890625 0.724609375 0.12890625 0.0849609375
8 0.7998046875 0.576171875 0.0947265625 0.0703125
8 0.2041015625 0.48046875 0.1171875 0.201171875
8 0.080078125 0.849609375 0.134765625 0.28125
8 0.205078125 0.6787109375 0.0615234375 0.080078125
8 0.2333984375 0.806640625 0.0869140625 0.208984375
8 0.306640625 0.6630859375 0.078125 0.0830078125
8 0.353515625 0.6318359375 0.107421875 0.1044921875
8 0.435546875 0.859375 0.103515625 0.28125
8 0.724609375 0.7763671875 0.099609375 0.2568359375
8 0.8603515625 0.3994140625 0.1298828125 0.2734375
8 0.275390625 0.2060546875 0.05078125 0.0947265625