6 0.8388671875 0.609375 0.181640625 0.1416015625
6 0.5048828125 0.3330078125 0.0849609375 0.1640625
6 0.693359375 0.5771484375 0.0634765625 0.046875
6 0.9599609375 0.3505859375 0.080078125 0.0927734375
6 0.970703125 0.74609375 0.05859375 0.0859375
6 0.482421875 0.5380859375 0.0927734375 0.0908203125
6 0.408203125 0.4189453125 0.0625 0.0390625
6 0.3076171875 0.2890625 0.0654296875 0.1103515625
6 0.75390625 0.2548828125 0.0546875 0.060546875
6 0.3173828125 0.548828125 0.0859375 0.0400390625
6 0.3525390625 0.619140625 0.048828125 0.052734375
6 0.3837890625 0.650390625 0.0537109375 0.07421875
6 0.4140625 0.60546875 0.0654296875 0.0341796875
6 0.4580078125 0.9658203125 0.09765625 0.068359375
6 0.3388671875 0.4619140625 0.037109375 0.0693359375
6 0.3603515625 0.220703125 0.0419921875 0.07421875
6 0.3994140625 0.2099609375 0.0283203125 0.0517578125
6 0.353515625 0.1591796875 0.0458984375 0.0595703125
6 0.59765625 0.32421875 0.0478515625 0.052734375
6 0.76171875 0.408203125 0.0537109375 0.0244140625
6 0.5908203125 0.4853515625 0.04296875 0.0517578125