0 0.7880859375 0.46484375 0.146484375 0.3818359375
0 0.6494140625 0.4677734375 0.1259765625 0.4482421875
0 0.4814453125 0.240234375 0.1337890625 0.287109375
0 0.29296875 0.728515625 0.1376953125 0.38671875
0 0.357421875 0.4599609375 0.1025390625 0.166015625
0 0.26953125 0.212890625 0.076171875 0.17578125
0 0.1689453125 0.2685546875 0.0712890625 0.1708984375
0 0.6796875 0.1279296875 0.1240234375 0.255859375
0 0.2314453125 0.5224609375 0.0625 0.201171875
0 0.4638671875 0.806640625 0.0751953125 0.1279296875
0 0.3701171875 0.18359375 0.0849609375 0.15625
0 0.40625 0.8447265625 0.076171875 0.1396484375
0 0.4609375 0.10546875 0.1591796875 0.2109375