0 0.78515625 0.8310546875 0.1708984375 0.21875
0 0.634765625 0.9111328125 0.2265625 0.177734375
0 0.76171875 0.6640625 0.1455078125 0.1337890625
0 0.5009765625 0.78125 0.212890625 0.16796875
0 0.810546875 0.4111328125 0.224609375 0.1689453125
0 0.46875 0.373046875 0.1220703125 0.1611328125
0 0.5185546875 0.1728515625 0.119140625 0.13671875
0 0.357421875 0.1435546875 0.2080078125 0.2353515625
0 0.3095703125 0.3720703125 0.1865234375 0.2646484375
0 0.45703125 0.599609375 0.177734375 0.1787109375
0 0.9072265625 0.6015625 0.185546875 0.19921875
0 0.595703125 0.6171875 0.1318359375 0.15625
0 0.8623046875 0.2978515625 0.1123046875 0.197265625
0 0.947265625 0.3681640625 0.1044921875 0.2529296875
0 0.5302734375 0.4658203125 0.171875 0.125