8 0.55859375 0.298828125 0.1650390625 0.150390625
8 0.7529296875 0.26171875 0.1240234375 0.0859375
8 0.59375 0.1083984375 0.099609375 0.2041015625
8 0.8330078125 0.9384765625 0.134765625 0.123046875
8 0.8818359375 0.580078125 0.0888671875 0.12890625
8 0.60546875 0.6767578125 0.126953125 0.146484375
8 0.6728515625 0.8193359375 0.1015625 0.0859375
8 0.8017578125 0.8203125 0.09765625 0.0537109375
8 0.8154296875 0.7275390625 0.0927734375 0.060546875
8 0.6796875 0.708984375 0.083984375 0.05859375
8 0.57421875 0.4248046875 0.2080078125 0.1591796875
8 0.7421875 0.4921875 0.05859375 0.078125
8 0.873046875 0.751953125 0.111328125 0.1474609375
1 0.208984375 0.53515625 0.240234375 0.185546875
8 0.689453125 0.609375 0.083984375 0.0869140625
8 0.798828125 0.59375 0.068359375 0.05078125
8 0.80078125 0.525390625 0.05859375 0.080078125
8 0.6484375 0.5302734375 0.103515625 0.1005859375
1 0.3203125 0.736328125 0.1103515625 0.126953125
1 0.20703125 0.66015625 0.0888671875 0.0859375