8 0.4052734375 0.224609375 0.056640625 0.083984375
8 0.4091796875 0.548828125 0.052734375 0.08203125
8 0.6328125 0.279296875 0.0458984375 0.083984375
8 0.66015625 0.498046875 0.0634765625 0.1083984375
8 0.765625 0.3603515625 0.0595703125 0.08984375
8 0.8154296875 0.29296875 0.0498046875 0.0546875
8 0.2666015625 0.61328125 0.0732421875 0.103515625
8 0.1806640625 0.521484375 0.1201171875 0.068359375
8 0.3271484375 0.384765625 0.080078125 0.087890625
8 0.4560546875 0.54296875 0.037109375 0.0712890625
8 0.818359375 0.525390625 0.068359375 0.076171875
8 0.4658203125 0.353515625 0.046875 0.0830078125
8 0.3935546875 0.4208984375 0.052734375 0.0830078125
8 0.298828125 0.24609375 0.0654296875 0.08984375
8 0.419921875 0.138671875 0.068359375 0.0625
8 0.2119140625 0.234375 0.0546875 0.0791015625
8 0.6357421875 0.140625 0.134765625 0.0654296875
8 0.4736328125 0.177734375 0.072265625 0.080078125
8 0.373046875 0.3427734375 0.048828125 0.056640625
8 0.427734375 0.3876953125 0.044921875 0.056640625
8 0.150390625 0.580078125 0.091796875 0.064453125
8 0.322265625 0.6943359375 0.0595703125 0.080078125
8 0.47265625 0.71484375 0.064453125 0.064453125
8 0.173828125 0.3857421875 0.091796875 0.072265625
8 0.5361328125 0.7744140625 0.056640625 0.0712890625
8 0.431640625 0.6494140625 0.041015625 0.064453125
8 0.7421875 0.255859375 0.068359375 0.046875
8 0.5390625 0.4697265625 0.068359375 0.0556640625
8 0.51171875 0.501953125 0.060546875 0.0478515625
8 0.58203125 0.486328125 0.0517578125 0.0634765625
8 0.5390625 0.6005859375 0.0654296875 0.1259765625
8 0.533203125 0.158203125 0.0380859375 0.0439453125
8 0.765625 0.16796875 0.0498046875 0.0556640625
8 0.822265625 0.19140625 0.046875 0.0791015625
8 0.2958984375 0.46875 0.0576171875 0.087890625
8 0.5966796875 0.55859375 0.056640625 0.07421875
8 0.595703125 0.77734375 0.0595703125 0.0888671875
8 0.5869140625 0.69921875 0.048828125 0.037109375
8 0.6171875 0.748046875 0.0869140625 0.09375
8 0.3515625 0.5810546875 0.0498046875 0.087890625
8 0.2568359375 0.3740234375 0.0478515625 0.0517578125
8 0.5009765625 0.36328125 0.052734375 0.060546875
8 0.521484375 0.314453125 0.0546875 0.0478515625
8 0.6728515625 0.341796875 0.048828125 0.0556640625
8 0.7197265625 0.396484375 0.033203125 0.0400390625
8 0.8017578125 0.4326171875 0.0439453125 0.056640625
8 0.8486328125 0.369140625 0.06640625 0.0380859375
8 0.822265625 0.3916015625 0.0380859375 0.037109375
8 0.8427734375 0.318359375 0.056640625 0.0810546875
8 0.5595703125 0.2265625 0.076171875 0.0537109375
8 0.8408203125 0.5791015625 0.056640625 0.0546875
8 0.6826171875 0.560546875 0.056640625 0.056640625
8 0.630859375 0.5595703125 0.056640625 0.1162109375