0 0.09375 0.7451171875 0.1875 0.21875
0 0.0380859375 0.525390625 0.076171875 0.1474609375
0 0.23046875 0.3564453125 0.2021484375 0.150390625
0 0.72265625 0.8515625 0.2822265625 0.279296875
0 0.53125 0.58984375 0.10546875 0.130859375
1 0.935546875 0.6318359375 0.1279296875 0.169921875
1 0.63671875 0.267578125 0.162109375 0.109375
1 0.61328125 0.1669921875 0.126953125 0.0908203125
0 0.1533203125 0.53515625 0.109375 0.134765625
0 0.1318359375 0.6259765625 0.19140625 0.2109375
0 0.302734375 0.2822265625 0.125 0.126953125
1 0.677734375 0.1171875 0.099609375 0.08984375
0 0.755859375 0.369140625 0.1279296875 0.201171875
0 0.365234375 0.412109375 0.0625 0.177734375
1 0.4560546875 0.638671875 0.0810546875 0.1455078125
0 0.705078125 0.705078125 0.279296875 0.259765625
0 0.9619140625 0.140625 0.076171875 0.14453125