0 0.78515625 0.771484375 0.212890625 0.2431640625
0 0.2705078125 0.4306640625 0.1884765625 0.3525390625
0 0.419921875 0.1591796875 0.2060546875 0.2783203125
0 0.46484375 0.3486328125 0.1005859375 0.130859375
1 0.7880859375 0.419921875 0.150390625 0.1376953125
0 0.671875 0.2548828125 0.1474609375 0.224609375
1 0.0625 0.537109375 0.12109375 0.052734375
0 0.7431640625 0.072265625 0.111328125 0.1435546875
1 0.9150390625 0.296875 0.1171875 0.07421875
0 0.599609375 0.494140625 0.197265625 0.2314453125
0 0.791015625 0.5830078125 0.2001953125 0.1474609375
0 0.7890625 0.5830078125 0.201171875 0.1474609375