8 0.6220703125 0.4228515625 0.0693359375 0.083984375
8 0.5517578125 0.7763671875 0.091796875 0.1025390625
8 0.8046875 0.6103515625 0.078125 0.146484375
8 0.2900390625 0.2587890625 0.19921875 0.1025390625
8 0.12109375 0.4638671875 0.177734375 0.08984375
8 0.16015625 0.67578125 0.169921875 0.1982421875
8 0.5859375 0.642578125 0.140625 0.1376953125
8 0.693359375 0.34375 0.19921875 0.1103515625
8 0.2763671875 0.4453125 0.0439453125 0.0654296875
8 0.2763671875 0.59375 0.111328125 0.0751953125
8 0.3818359375 0.6728515625 0.0517578125 0.064453125
8 0.548828125 0.1796875 0.083984375 0.048828125
8 0.859375 0.478515625 0.052734375 0.0537109375
8 0.4140625 0.1015625 0.07421875 0.05078125
8 0.3544921875 0.3720703125 0.083984375 0.0537109375
8 0.4912109375 0.8984375 0.060546875 0.0810546875
8 0.2568359375 0.8525390625 0.134765625 0.076171875
8 0.603515625 0.2626953125 0.052734375 0.0595703125
8 0.890625 0.501953125 0.056640625 0.0673828125
8 0.5087890625 0.6640625 0.05859375 0.0751953125
8 0.4677734375 0.759765625 0.060546875 0.0517578125