8 0.64453125 0.203125 0.0712890625 0.0546875
8 0.5888671875 0.1591796875 0.0517578125 0.0947265625
8 0.4169921875 0.9130859375 0.0546875 0.08203125
8 0.4267578125 0.8076171875 0.0595703125 0.0576171875
8 0.423828125 0.8681640625 0.05859375 0.041015625
8 0.9365234375 0.5576171875 0.1064453125 0.1123046875
8 0.9140625 0.642578125 0.1044921875 0.1005859375
8 0.4462890625 0.56640625 0.0634765625 0.09375
8 0.4091796875 0.4296875 0.072265625 0.09375
8 0.337890625 0.3701171875 0.08203125 0.1103515625
8 0.3056640625 0.3408203125 0.0947265625 0.1767578125
8 0.5498046875 0.4677734375 0.0830078125 0.078125
8 0.583984375 0.625 0.09375 0.09765625
8 0.4951171875 0.6943359375 0.0712890625 0.1240234375
8 0.5263671875 0.2236328125 0.046875 0.08984375
8 0.4267578125 0.3681640625 0.34375 0.2568359375
8 0.4248046875 0.8251953125 0.15625 0.234375