1 0.3515625 0.123046875 0.111328125 0.2421875
1 0.544921875 0.2275390625 0.169921875 0.146484375
1 0.162109375 0.08203125 0.125 0.1640625
1 0.1201171875 0.21875 0.10546875 0.119140625
1 0.1533203125 0.328125 0.0654296875 0.123046875
1 0.197265625 0.22265625 0.044921875 0.1259765625
1 0.111328125 0.6962890625 0.1123046875 0.1796875
1 0.19140625 0.6767578125 0.0732421875 0.146484375
1 0.3046875 0.8037109375 0.072265625 0.1884765625
1 0.306640625 0.5 0.15625 0.189453125
1 0.2001953125 0.38671875 0.0595703125 0.1240234375
1 0.2255859375 0.09375 0.06640625 0.115234375
1 0.365234375 0.3212890625 0.0810546875 0.1240234375
1 0.4208984375 0.2451171875 0.0419921875 0.095703125
1 0.513671875 0.416015625 0.1650390625 0.12890625
1 0.435546875 0.701171875 0.134765625 0.2861328125
1 0.33984375 0.8486328125 0.08203125 0.140625
1 0.525390625 0.8720703125 0.09375 0.1064453125
1 0.642578125 0.9365234375 0.080078125 0.1259765625
1 0.5673828125 0.8232421875 0.060546875 0.064453125
1 0.248046875 0.263671875 0.048828125 0.1171875
1 0.45703125 0.3564453125 0.091796875 0.0908203125
1 0.529296875 0.7333984375 0.10546875 0.1201171875
1 0.7099609375 0.8271484375 0.09765625 0.123046875
1 0.6953125 0.73046875 0.056640625 0.0712890625
1 0.5791015625 0.6513671875 0.095703125 0.12109375
1 0.58203125 0.5634765625 0.0927734375 0.064453125
1 0.66015625 0.599609375 0.0703125 0.07421875
1 0.3046875 0.669921875 0.068359375 0.0703125
1 0.32421875 0.5927734375 0.076171875 0.076171875
1 0.181640625 0.8916015625 0.0498046875 0.0927734375
1 0.103515625 0.8876953125 0.041015625 0.0810546875
1 0.1025390625 0.5859375 0.0546875 0.041015625
1 0.796875 0.369140625 0.0791015625 0.16015625
1 0.65234375 0.27734375 0.044921875 0.1171875
1 0.7314453125 0.416015625 0.0634765625 0.1328125
1 0.814453125 0.5107421875 0.09375 0.0908203125
1 0.77734375 0.6015625 0.064453125 0.103515625
1 0.6640625 0.521484375 0.037109375 0.091796875
1 0.587890625 0.5244140625 0.095703125 0.0732421875
1 0.6416015625 0.8466796875 0.04296875 0.0712890625
1 0.7880859375 0.7216796875 0.091796875 0.115234375
1 0.802734375 0.83984375 0.037109375 0.0537109375
1 0.8798828125 0.5 0.05078125 0.0927734375
1 0.8681640625 0.203125 0.060546875 0.068359375
1 0.921875 0.1123046875 0.052734375 0.1240234375
1 0.7392578125 0.1142578125 0.083984375 0.072265625
1 0.943359375 0.390625 0.0556640625 0.0791015625
1 0.9150390625 0.3076171875 0.048828125 0.099609375
1 0.9140625 0.9375 0.041015625 0.103515625
1 0.955078125 0.939453125 0.0703125 0.095703125