8 0.8076171875 0.31640625 0.14453125 0.0615234375
8 0.73828125 0.5498046875 0.1552734375 0.2333984375
8 0.130859375 0.7236328125 0.26171875 0.3037109375
8 0.2177734375 0.4052734375 0.1435546875 0.208984375
8 0.3837890625 0.240234375 0.380859375 0.3310546875
8 0.353515625 0.64453125 0.1083984375 0.259765625
8 0.5859375 0.5546875 0.193359375 0.103515625
8 0.6171875 0.3388671875 0.1748046875 0.0849609375
8 0.845703125 0.1513671875 0.185546875 0.09375
8 0.7578125 0.3671875 0.0771484375 0.0322265625
8 0.6513671875 0.3173828125 0.0712890625 0.04296875
8 0.607421875 0.396484375 0.1337890625 0.0595703125
8 0.896484375 0.451171875 0.123046875 0.248046875
8 0.6884765625 0.41796875 0.0625 0.029296875