3 0.2392578125 0.6279296875 0.2421875 0.208984375
3 0.419921875 0.45703125 0.244140625 0.1123046875
3 0.15625 0.498046875 0.2197265625 0.1318359375
3 0.751953125 0.4248046875 0.169921875 0.1220703125
3 0.87890625 0.529296875 0.2421875 0.138671875
3 0.7548828125 0.7939453125 0.119140625 0.1142578125
3 0.888671875 0.669921875 0.22265625 0.12109375
1 0.583984375 0.51953125 0.28125 0.1279296875
1 0.4345703125 0.65234375 0.3154296875 0.1357421875
1 0.3388671875 0.2158203125 0.1806640625 0.0732421875
1 0.142578125 0.23828125 0.169921875 0.0732421875