1 0.6171875 0.47265625 0.0849609375 0.185546875
1 0.482421875 0.771484375 0.0615234375 0.130859375
1 0.2294921875 0.8046875 0.1025390625 0.2490234375
1 0.33203125 0.6806640625 0.1025390625 0.1640625
1 0.130859375 0.90234375 0.1298828125 0.103515625
1 0.072265625 0.8388671875 0.08203125 0.1240234375
1 0.3681640625 0.8955078125 0.064453125 0.150390625
1 0.314453125 0.5625 0.056640625 0.0771484375
1 0.21484375 0.453125 0.107421875 0.1220703125
1 0.3974609375 0.5048828125 0.1201171875 0.150390625
1 0.279296875 0.2861328125 0.099609375 0.099609375
1 0.4306640625 0.3515625 0.0986328125 0.0771484375
1 0.4609375 0.0859375 0.0751953125 0.126953125
1 0.1630859375 0.2841796875 0.056640625 0.08984375
1 0.2021484375 0.58984375 0.0947265625 0.12109375
1 0.423828125 0.6845703125 0.0703125 0.068359375
1 0.529296875 0.5791015625 0.052734375 0.052734375
1 0.4638671875 0.46875 0.0625 0.052734375
1 0.53125 0.4755859375 0.0615234375 0.060546875
1 0.556640625 0.6875 0.05078125 0.12890625
1 0.5654296875 0.912109375 0.0751953125 0.115234375
1 0.615234375 0.9580078125 0.08984375 0.083984375
1 0.603515625 0.6611328125 0.048828125 0.1103515625
1 0.537109375 0.341796875 0.083984375 0.0859375
1 0.630859375 0.345703125 0.0654296875 0.0751953125
1 0.6767578125 0.75 0.0791015625 0.083984375
1 0.6328125 0.8662109375 0.0654296875 0.123046875
1 0.5126953125 0.6484375 0.044921875 0.1005859375
1 0.7578125 0.19921875 0.125 0.142578125
1 0.87109375 0.2021484375 0.1337890625 0.119140625
1 0.701171875 0.345703125 0.0654296875 0.0654296875
1 0.7421875 0.5361328125 0.068359375 0.0751953125
1 0.8369140625 0.5234375 0.068359375 0.0625
1 0.7802734375 0.837890625 0.0986328125 0.232421875
1 0.7685546875 0.4072265625 0.037109375 0.083984375
1 0.873046875 0.33203125 0.123046875 0.107421875
1 0.919921875 0.525390625 0.0888671875 0.2548828125
1 0.8662109375 0.8779296875 0.0849609375 0.240234375