1 0.1083984375 0.251953125 0.216796875 0.435546875
1 0.099609375 0.78515625 0.19921875 0.4296875
1 0.25390625 0.2294921875 0.216796875 0.3896484375
1 0.5625 0.42578125 0.212890625 0.5361328125
1 0.830078125 0.24609375 0.2265625 0.255859375
1 0.35546875 0.77734375 0.111328125 0.2822265625
1 0.2412109375 0.548828125 0.1318359375 0.126953125
1 0.203125 0.67578125 0.11328125 0.12109375
1 0.4140625 0.537109375 0.140625 0.142578125
1 0.865234375 0.12890625 0.158203125 0.193359375
1 0.08203125 0.373046875 0.1630859375 0.21484375