3 0.244140625 0.326171875 0.291015625 0.306640625
3 0.37890625 0.537109375 0.154296875 0.119140625
3 0.5556640625 0.619140625 0.2177734375 0.3037109375
3 0.31640625 0.822265625 0.3505859375 0.19140625
3 0.6806640625 0.74609375 0.1298828125 0.13671875
3 0.828125 0.8427734375 0.2353515625 0.314453125
3 0.673828125 0.876953125 0.203125 0.130859375
3 0.443359375 0.67578125 0.115234375 0.1337890625
3 0.224609375 0.75 0.306640625 0.279296875
3 0.857421875 0.3564453125 0.2841796875 0.177734375
3 0.359375 0.1416015625 0.291015625 0.2646484375
3 0.6083984375 0.154296875 0.2734375 0.3076171875