3 0.455078125 0.3359375 0.1875 0.177734375
3 0.263671875 0.265625 0.1689453125 0.1123046875
3 0.3076171875 0.435546875 0.130859375 0.2373046875
3 0.5205078125 0.677734375 0.271484375 0.1455078125
3 0.7578125 0.55078125 0.1494140625 0.2490234375
1 0.6328125 0.212890625 0.13671875 0.3603515625
1 0.48828125 0.1044921875 0.142578125 0.19921875
1 0.8564453125 0.13671875 0.287109375 0.2734375
1 0.142578125 0.134765625 0.2294921875 0.26953125
1 0.3291015625 0.09765625 0.142578125 0.1953125
3 0.67578125 0.837890625 0.1162109375 0.2646484375