8 0.421875 0.55859375 0.0771484375 0.0703125
8 0.123046875 0.85546875 0.056640625 0.1171875
8 0.1328125 0.7666015625 0.0625 0.08984375
8 0.2529296875 0.7265625 0.0595703125 0.140625
8 0.478515625 0.8349609375 0.095703125 0.08203125
8 0.556640625 0.404296875 0.056640625 0.140625
8 0.6328125 0.3779296875 0.0771484375 0.12109375
8 0.7109375 0.4052734375 0.115234375 0.0859375
8 0.6064453125 0.8994140625 0.1103515625 0.10546875
8 0.3173828125 0.517578125 0.0625 0.05078125
8 0.1640625 0.34375 0.169921875 0.21875
8 0.431640625 0.375 0.05078125 0.0625
8 0.1875 0.8408203125 0.0712890625 0.125
8 0.7763671875 0.640625 0.083984375 0.1533203125
8 0.712890625 0.4921875 0.091796875 0.15625
8 0.607421875 0.5546875 0.0927734375 0.09375
8 0.5810546875 0.7236328125 0.125 0.109375
8 0.3310546875 0.6171875 0.056640625 0.125
8 0.212890625 0.583984375 0.1572265625 0.1142578125