8 0.10546875 0.462890625 0.09765625 0.09765625
8 0.3916015625 0.837890625 0.130859375 0.17578125
8 0.4013671875 0.4384765625 0.0712890625 0.0703125
8 0.546875 0.52734375 0.0771484375 0.0859375
8 0.708984375 0.310546875 0.130859375 0.15234375
8 0.0869140625 0.6875 0.07421875 0.203125
8 0.599609375 0.4521484375 0.095703125 0.08203125
8 0.6904296875 0.60546875 0.1337890625 0.1171875
8 0.56640625 0.7705078125 0.0859375 0.15625
8 0.53125 0.6162109375 0.0771484375 0.08203125
8 0.4794921875 0.4462890625 0.080078125 0.05859375
8 0.259765625 0.65625 0.115234375 0.15625
8 0.1484375 0.365234375 0.13671875 0.19921875
8 0.296875 0.365234375 0.107421875 0.16796875
8 0.7451171875 0.8037109375 0.13671875 0.14453125
8 0.296875 0.8662109375 0.1162109375 0.1611328125