2 0.1025390625 0.767578125 0.14453125 0.435546875
2 0.0947265625 0.279296875 0.1865234375 0.4228515625
2 0.765625 0.1044921875 0.1103515625 0.1865234375
2 0.9208984375 0.52734375 0.158203125 0.5224609375
2 0.7236328125 0.4482421875 0.2587890625 0.263671875
2 0.44140625 0.7685546875 0.36328125 0.23828125
2 0.4765625 0.4033203125 0.3603515625 0.34375
1 0.361328125 0.5673828125 0.20703125 0.15234375
1 0.1474609375 0.484375 0.134765625 0.158203125
2 0.9541015625 0.1796875 0.091796875 0.359375
1 0.68359375 0.220703125 0.1787109375 0.123046875
1 0.251953125 0.35546875 0.08203125 0.1015625