8 0.689453125 0.7666015625 0.1083984375 0.1796875
8 0.7666015625 0.494140625 0.1357421875 0.150390625
8 0.3701171875 0.4345703125 0.1142578125 0.224609375
8 0.5029296875 0.1533203125 0.22265625 0.306640625
8 0.5751953125 0.4677734375 0.1630859375 0.154296875
8 0.572265625 0.2900390625 0.1552734375 0.2509765625
8 0.3642578125 0.669921875 0.14453125 0.130859375
8 0.451171875 0.416015625 0.1162109375 0.2021484375
8 0.22265625 0.751953125 0.1689453125 0.3408203125
8 0.236328125 0.35546875 0.13671875 0.302734375
8 0.9521484375 0.646484375 0.095703125 0.1875
8 0.8349609375 0.33984375 0.2060546875 0.158203125
8 0.8564453125 0.4638671875 0.0810546875 0.0849609375
8 0.8701171875 0.8642578125 0.0888671875 0.1650390625