2 0.5771484375 0.5625 0.1103515625 0.26171875
2 0.6689453125 0.7373046875 0.177734375 0.1416015625
2 0.2822265625 0.4169921875 0.1435546875 0.3330078125
2 0.373046875 0.5576171875 0.1015625 0.255859375
2 0.4521484375 0.287109375 0.1318359375 0.2529296875
2 0.5302734375 0.123046875 0.1318359375 0.1064453125
2 0.49609375 0.455078125 0.1318359375 0.248046875
1 0.4208984375 0.759765625 0.216796875 0.1748046875
2 0.8017578125 0.4150390625 0.171875 0.1416015625
2 0.6953125 0.5830078125 0.1982421875 0.2587890625
1 0.173828125 0.8525390625 0.130859375 0.2578125