2 0.341796875 0.7041015625 0.1796875 0.1728515625
2 0.5283203125 0.826171875 0.1123046875 0.1552734375
2 0.6015625 0.7255859375 0.1220703125 0.396484375
2 0.62890625 0.6875 0.1005859375 0.2080078125
2 0.205078125 0.27734375 0.1494140625 0.123046875
2 0.12109375 0.3701171875 0.1328125 0.126953125
2 0.130859375 0.7236328125 0.1337890625 0.3359375
2 0.4609375 0.4169921875 0.2236328125 0.1796875
2 0.7958984375 0.724609375 0.1123046875 0.1328125
2 0.7001953125 0.89453125 0.0888671875 0.166015625
2 0.802734375 0.9404296875 0.1611328125 0.1181640625