2 0.4912109375 0.4228515625 0.2265625 0.2265625
2 0.8955078125 0.5693359375 0.208984375 0.14453125
2 0.23828125 0.287109375 0.185546875 0.427734375
2 0.392578125 0.2939453125 0.2021484375 0.5029296875
2 0.759765625 0.158203125 0.2529296875 0.2998046875
2 0.900390625 0.765625 0.173828125 0.29296875
2 0.6865234375 0.744140625 0.201171875 0.3125
2 0.6474609375 0.4638671875 0.208984375 0.26953125
2 0.44921875 0.8125 0.2353515625 0.373046875
2 0.3408203125 0.6826171875 0.21875 0.25
2 0.18359375 0.677734375 0.2080078125 0.4130859375
2 0.0771484375 0.4248046875 0.1484375 0.498046875