3 0.47265625 0.1728515625 0.177734375 0.3193359375
3 0.6083984375 0.4482421875 0.265625 0.1806640625
3 0.658203125 0.2734375 0.28515625 0.232421875
3 0.166015625 0.7255859375 0.087890625 0.177734375
3 0.095703125 0.5361328125 0.123046875 0.154296875
3 0.2080078125 0.345703125 0.1279296875 0.1650390625
3 0.408203125 0.51953125 0.185546875 0.1728515625
3 0.1435546875 0.091796875 0.23828125 0.1826171875
1 0.876953125 0.61328125 0.2451171875 0.3662109375
1 0.6982421875 0.607421875 0.1416015625 0.2685546875
1 0.65625 0.90625 0.125 0.1875
1 0.2275390625 0.869140625 0.134765625 0.2607421875
1 0.44921875 0.693359375 0.240234375 0.1962890625
3 0.3359375 0.390625 0.1005859375 0.072265625