4 0.1484375 0.43359375 0.0693359375 0.2666015625
4 0.6630859375 0.279296875 0.091796875 0.345703125
4 0.8203125 0.4931640625 0.2021484375 0.236328125
4 0.873046875 0.6904296875 0.1240234375 0.15625
4 0.78125 0.6767578125 0.119140625 0.1572265625
4 0.7197265625 0.5634765625 0.064453125 0.169921875
4 0.2587890625 0.306640625 0.0888671875 0.060546875
4 0.375 0.306640625 0.0771484375 0.1015625
4 0.3359375 0.455078125 0.083984375 0.0576171875
4 0.224609375 0.61328125 0.126953125 0.376953125
4 0.3515625 0.6015625 0.103515625 0.1728515625
4 0.46484375 0.4150390625 0.1015625 0.13671875
4 0.58984375 0.4697265625 0.0830078125 0.1865234375