3 0.25 0.7734375 0.146484375 0.185546875
3 0.7890625 0.82421875 0.2021484375 0.3388671875
3 0.2080078125 0.5986328125 0.1064453125 0.1220703125
3 0.4521484375 0.3203125 0.19140625 0.095703125
3 0.7900390625 0.216796875 0.2421875 0.1142578125
3 0.73828125 0.119140625 0.111328125 0.115234375
1 0.5751953125 0.1689453125 0.1533203125 0.1279296875
1 0.611328125 0.39453125 0.2509765625 0.232421875
1 0.833984375 0.6044921875 0.16796875 0.197265625
1 0.5888671875 0.5595703125 0.291015625 0.162109375
1 0.423828125 0.7412109375 0.107421875 0.232421875
1 0.263671875 0.46484375 0.115234375 0.107421875
1 0.296875 0.541015625 0.0947265625 0.083984375
1 0.373046875 0.6591796875 0.095703125 0.15234375
1 0.5283203125 0.5078125 0.2314453125 0.115234375
1 0.1708984375 0.7724609375 0.1357421875 0.19140625
1 0.2900390625 0.6279296875 0.080078125 0.10546875