0 0.5009765625 0.2578125 0.2890625 0.3017578125
0 0.5126953125 0.59375 0.181640625 0.375
0 0.2646484375 0.685546875 0.2041015625 0.248046875
0 0.8046875 0.8037109375 0.3388671875 0.3037109375
0 0.86328125 0.6083984375 0.2734375 0.23046875
0 0.73828125 0.357421875 0.169921875 0.28515625
0 0.888671875 0.3720703125 0.2216796875 0.455078125
0 0.490234375 0.826171875 0.2783203125 0.34765625
0 0.20703125 0.47265625 0.193359375 0.1884765625
0 0.1083984375 0.1279296875 0.216796875 0.255859375
0 0.3671875 0.0771484375 0.322265625 0.1533203125
0 0.1123046875 0.37890625 0.1298828125 0.1318359375