6 0.33203125 0.15234375 0.1484375 0.203125
6 0.568359375 0.0869140625 0.119140625 0.1728515625
6 0.814453125 0.4560546875 0.0830078125 0.2236328125
6 0.7939453125 0.1904296875 0.2529296875 0.3798828125
6 0.5849609375 0.609375 0.1240234375 0.2119140625
6 0.451171875 0.5166015625 0.1787109375 0.3701171875
6 0.4375 0.80859375 0.150390625 0.1943359375
6 0.533203125 0.7138671875 0.0654296875 0.177734375
6 0.259765625 0.5859375 0.134765625 0.1650390625
6 0.8759765625 0.431640625 0.0654296875 0.216796875
6 0.76953125 0.7919921875 0.04296875 0.2470703125
6 0.255859375 0.8583984375 0.1787109375 0.2744140625