8 0.3974609375 0.353515625 0.125 0.12109375
8 0.12109375 0.37890625 0.1318359375 0.12109375
8 0.3642578125 0.5263671875 0.125 0.1640625
8 0.10546875 0.7060546875 0.0869140625 0.138671875
8 0.078125 0.5810546875 0.12890625 0.146484375
8 0.216796875 0.7470703125 0.12109375 0.1923828125
8 0.3701171875 0.7080078125 0.1357421875 0.1689453125
8 0.41015625 0.888671875 0.12890625 0.1923828125
8 0.8837890625 0.447265625 0.0869140625 0.1767578125
8 0.9150390625 0.2275390625 0.080078125 0.181640625
8 0.7861328125 0.115234375 0.0869140625 0.1591796875
8 0.6494140625 0.2421875 0.1669921875 0.3134765625
8 0.1044921875 0.189453125 0.1181640625 0.146484375
8 0.1787109375 0.103515625 0.1005859375 0.1865234375
8 0.2431640625 0.1865234375 0.09765625 0.111328125
8 0.49609375 0.7275390625 0.0986328125 0.1416015625