6 0.37109375 0.7880859375 0.2216796875 0.423828125
6 0.126953125 0.455078125 0.25390625 0.21484375
6 0.4423828125 0.623046875 0.1396484375 0.1298828125
6 0.72265625 0.4208984375 0.296875 0.271484375
6 0.552734375 0.173828125 0.2890625 0.345703125
6 0.8583984375 0.7890625 0.2822265625 0.3037109375
6 0.5693359375 0.810546875 0.177734375 0.337890625
6 0.6552734375 0.7080078125 0.072265625 0.091796875
6 0.6669921875 0.57421875 0.0712890625 0.1025390625
6 0.5263671875 0.4111328125 0.1279296875 0.166015625
6 0.37890625 0.125 0.1865234375 0.2451171875
6 0.4541015625 0.4140625 0.044921875 0.06640625
6 0.3212890625 0.4423828125 0.0732421875 0.0576171875