6 0.853515625 0.84375 0.22265625 0.3125
6 0.263671875 0.564453125 0.1005859375 0.11328125
6 0.224609375 0.6904296875 0.12109375 0.1650390625
6 0.9013671875 0.2529296875 0.1953125 0.3134765625
6 0.6240234375 0.1357421875 0.244140625 0.271484375
6 0.4111328125 0.4609375 0.2041015625 0.3017578125
6 0.2705078125 0.4990234375 0.0830078125 0.1181640625
6 0.8310546875 0.396484375 0.091796875 0.1708984375
6 0.7119140625 0.4794921875 0.115234375 0.1416015625
6 0.6455078125 0.3994140625 0.09375 0.1259765625
6 0.669921875 0.2724609375 0.0439453125 0.162109375
6 0.2548828125 0.3212890625 0.13671875 0.23046875
6 0.490234375 0.23046875 0.115234375 0.0654296875
6 0.5107421875 0.1611328125 0.1103515625 0.15234375
6 0.474609375 0.2939453125 0.0888671875 0.0556640625
6 0.0693359375 0.2001953125 0.138671875 0.279296875
6 0.384765625 0.9296875 0.140625 0.140625