8 0.22265625 0.6796875 0.201171875 0.47265625
8 0.6533203125 0.37109375 0.1298828125 0.1376953125
8 0.5302734375 0.4404296875 0.1796875 0.099609375
8 0.9111328125 0.7431640625 0.146484375 0.1064453125
8 0.3994140625 0.5234375 0.154296875 0.2900390625
8 0.23828125 0.306640625 0.259765625 0.1904296875
8 0.2255859375 0.4267578125 0.2041015625 0.1181640625
8 0.8173828125 0.5009765625 0.146484375 0.181640625
8 0.638671875 0.771484375 0.2978515625 0.234375
8 0.5224609375 0.6201171875 0.3037109375 0.240234375
8 0.1162109375 0.697265625 0.232421875 0.60546875
8 0.826171875 0.892578125 0.326171875 0.21484375
8 0.3828125 0.2783203125 0.2080078125 0.240234375
8 0.326171875 0.724609375 0.146484375 0.21484375