1 0.302734375 0.6748046875 0.0810546875 0.2451171875
1 0.369140625 0.6171875 0.0771484375 0.13671875
1 0.23828125 0.3896484375 0.130859375 0.1767578125
1 0.126953125 0.5322265625 0.22265625 0.166015625
1 0.314453125 0.3017578125 0.146484375 0.1611328125
1 0.4677734375 0.435546875 0.130859375 0.080078125
1 0.6376953125 0.6064453125 0.1640625 0.265625
1 0.6318359375 0.41015625 0.1904296875 0.099609375
1 0.8818359375 0.5224609375 0.205078125 0.146484375
1 0.78125 0.63671875 0.1162109375 0.2548828125
1 0.7333984375 0.361328125 0.0546875 0.22265625
1 0.6552734375 0.36328125 0.0771484375 0.2080078125
1 0.576171875 0.87890625 0.1318359375 0.091796875
1 0.4541015625 0.876953125 0.0732421875 0.0859375
1 0.53125 0.93359375 0.0673828125 0.095703125