6 0.748046875 0.2861328125 0.1376953125 0.291015625
6 0.3642578125 0.1552734375 0.1982421875 0.2353515625
6 0.3486328125 0.4404296875 0.154296875 0.4150390625
6 0.228515625 0.412109375 0.1513671875 0.2470703125
6 0.4267578125 0.86328125 0.224609375 0.2734375
6 0.162109375 0.765625 0.1533203125 0.2666015625
6 0.5888671875 0.3896484375 0.197265625 0.4775390625
6 0.521484375 0.8427734375 0.0810546875 0.1162109375
6 0.916015625 0.2978515625 0.16796875 0.375
6 0.7041015625 0.6083984375 0.1552734375 0.1728515625
6 0.6162109375 0.7216796875 0.1826171875 0.23828125
6 0.306640625 0.71875 0.111328125 0.1142578125
6 0.0517578125 0.38671875 0.1025390625 0.4873046875
6 0.1650390625 0.5341796875 0.1123046875 0.2236328125
6 0.0517578125 0.7744140625 0.1025390625 0.2548828125