1 0.380859375 0.37109375 0.3212890625 0.1943359375
1 0.2314453125 0.1845703125 0.1513671875 0.267578125
1 0.1396484375 0.26953125 0.091796875 0.185546875
1 0.1806640625 0.400390625 0.1201171875 0.1376953125
1 0.28125 0.568359375 0.1357421875 0.1044921875
1 0.408203125 0.5849609375 0.1513671875 0.07421875
1 0.431640625 0.716796875 0.240234375 0.1962890625
1 0.1884765625 0.70703125 0.27734375 0.21484375
1 0.900390625 0.7060546875 0.0927734375 0.1552734375
1 0.837890625 0.79296875 0.126953125 0.1044921875
1 0.7119140625 0.771484375 0.2421875 0.205078125
1 0.80078125 0.54296875 0.173828125 0.328125
1 0.7265625 0.326171875 0.1435546875 0.0849609375
1 0.5908203125 0.306640625 0.1552734375 0.1328125
1 0.5615234375 0.185546875 0.2431640625 0.173828125
1 0.8017578125 0.169921875 0.2470703125 0.232421875