8 0.775390625 0.8720703125 0.17578125 0.1845703125
8 0.6689453125 0.3291015625 0.0615234375 0.080078125
8 0.6357421875 0.3681640625 0.08984375 0.080078125
8 0.626953125 0.1650390625 0.306640625 0.1494140625
8 0.126953125 0.646484375 0.25390625 0.630859375
8 0.2744140625 0.5087890625 0.1982421875 0.232421875
8 0.4931640625 0.4521484375 0.0927734375 0.150390625
8 0.40625 0.4072265625 0.1123046875 0.16015625
8 0.49609375 0.66796875 0.1474609375 0.228515625
8 0.732421875 0.6298828125 0.19140625 0.1162109375
8 0.85546875 0.720703125 0.2880859375 0.142578125
8 0.65625 0.80859375 0.1650390625 0.216796875
8 0.2763671875 0.94921875 0.169921875 0.1015625
8 0.2587890625 0.822265625 0.0810546875 0.109375
8 0.6005859375 0.6015625 0.078125 0.068359375
8 0.626953125 0.5517578125 0.0673828125 0.0732421875
8 0.408203125 0.51953125 0.1572265625 0.1259765625
8 0.4599609375 0.1328125 0.1015625 0.0908203125
8 0.443359375 0.224609375 0.087890625 0.11328125
8 0.37890625 0.09765625 0.1015625 0.0927734375
8 0.5263671875 0.0576171875 0.201171875 0.115234375
8 0.1943359375 0.1943359375 0.3828125 0.1923828125
8 0.556640625 0.2373046875 0.0927734375 0.056640625
8 0.5361328125 0.28515625 0.083984375 0.083984375
8 0.451171875 0.3388671875 0.0966796875 0.1083984375
8 0.7060546875 0.5126953125 0.0634765625 0.1181640625
8 0.6298828125 0.470703125 0.0419921875 0.0986328125
8 0.5380859375 0.5517578125 0.0810546875 0.0810546875