0 0.361328125 0.1875 0.29296875 0.1826171875
0 0.75390625 0.2802734375 0.2861328125 0.171875
0 0.8349609375 0.1396484375 0.2568359375 0.17578125
0 0.8955078125 0.505859375 0.1708984375 0.4375
0 0.724609375 0.6455078125 0.1611328125 0.4091796875
0 0.5439453125 0.513671875 0.18359375 0.4248046875
0 0.1484375 0.10546875 0.2900390625 0.203125
0 0.1083984375 0.396484375 0.1181640625 0.359375
0 0.076171875 0.7353515625 0.083984375 0.29296875
0 0.1826171875 0.76171875 0.1396484375 0.3359375
0 0.384765625 0.6962890625 0.1982421875 0.537109375
0 0.623046875 0.91796875 0.25 0.13671875
0 0.4130859375 0.41796875 0.087890625 0.28515625
0 0.3115234375 0.375 0.08203125 0.1279296875
0 0.5869140625 0.1337890625 0.2587890625 0.2666015625
0 0.86328125 0.8671875 0.2294921875 0.169921875
0 0.8232421875 0.7548828125 0.087890625 0.1064453125
0 0.23828125 0.537109375 0.201171875 0.466796875
0 0.623046875 0.75390625 0.130859375 0.12109375