1 0.2578125 0.5634765625 0.1611328125 0.38671875
1 0.40625 0.4970703125 0.150390625 0.4111328125
1 0.5029296875 0.4794921875 0.0830078125 0.21875
1 0.1533203125 0.423828125 0.1884765625 0.294921875
1 0.1181640625 0.6064453125 0.1298828125 0.3193359375
1 0.64453125 0.1728515625 0.146484375 0.1826171875
1 0.74609375 0.3017578125 0.130859375 0.19140625
1 0.6044921875 0.4248046875 0.1416015625 0.109375
1 0.6767578125 0.5849609375 0.16015625 0.3232421875
1 0.853515625 0.4443359375 0.21875 0.169921875
1 0.8154296875 0.6796875 0.2568359375 0.34375