8 0.763671875 0.4951171875 0.0810546875 0.1826171875
8 0.4140625 0.33203125 0.1025390625 0.12890625
8 0.3662109375 0.37890625 0.14453125 0.0859375
8 0.3486328125 0.6298828125 0.103515625 0.1103515625
8 0.2666015625 0.6103515625 0.1357421875 0.150390625
8 0.423828125 0.5087890625 0.14453125 0.1533203125
8 0.4599609375 0.732421875 0.109375 0.1484375
8 0.619140625 0.7666015625 0.115234375 0.19140625
8 0.109375 0.8134765625 0.1455078125 0.1982421875
8 0.3017578125 0.3203125 0.087890625 0.1171875
8 0.7080078125 0.3564453125 0.0625 0.0927734375
8 0.6240234375 0.380859375 0.1123046875 0.119140625