8 0.3642578125 0.7763671875 0.2509765625 0.2158203125
8 0.3232421875 0.408203125 0.1513671875 0.228515625
8 0.7529296875 0.880859375 0.1904296875 0.23828125
8 0.6171875 0.857421875 0.080078125 0.1455078125
8 0.91015625 0.7138671875 0.1796875 0.216796875
8 0.4140625 0.49609375 0.166015625 0.232421875
8 0.4033203125 0.880859375 0.1279296875 0.0947265625
8 0.5380859375 0.6171875 0.1572265625 0.13671875
8 0.6865234375 0.4775390625 0.107421875 0.1845703125
8 0.548828125 0.4677734375 0.1494140625 0.2041015625
8 0.716796875 0.185546875 0.20703125 0.12109375
8 0.71484375 0.2890625 0.146484375 0.0751953125
8 0.8115234375 0.3603515625 0.166015625 0.1123046875
8 0.5634765625 0.9658203125 0.25 0.068359375
8 0.3427734375 0.9521484375 0.166015625 0.095703125
8 0.7998046875 0.4794921875 0.1416015625 0.1611328125
8 0.1806640625 0.2744140625 0.0732421875 0.107421875
8 0.21875 0.3154296875 0.1162109375 0.09375
8 0.08203125 0.65234375 0.1630859375 0.1162109375
8 0.783203125 0.6669921875 0.083984375 0.08984375
8 0.6259765625 0.3974609375 0.0732421875 0.115234375