8 0.4521484375 0.8017578125 0.1044921875 0.2763671875
8 0.517578125 0.5927734375 0.126953125 0.09375
8 0.29296875 0.115234375 0.15234375 0.12890625
8 0.19921875 0.6484375 0.0634765625 0.1572265625
8 0.623046875 0.8076171875 0.1689453125 0.20703125
8 0.3798828125 0.5859375 0.11328125 0.11328125
8 0.21484375 0.390625 0.080078125 0.1474609375
8 0.5107421875 0.05078125 0.16015625 0.1015625
8 0.7724609375 0.1220703125 0.0517578125 0.1181640625
8 0.873046875 0.1220703125 0.12109375 0.1337890625
8 0.8876953125 0.3486328125 0.2080078125 0.326171875
8 0.359375 0.2978515625 0.1142578125 0.095703125
8 0.3125 0.875 0.19921875 0.2353515625
8 0.85546875 0.8916015625 0.1025390625 0.2158203125
8 0.599609375 0.6630859375 0.1279296875 0.171875
8 0.853515625 0.474609375 0.0830078125 0.0966796875
8 0.0791015625 0.4453125 0.158203125 0.1796875
8 0.130859375 0.806640625 0.0908203125 0.1337890625
8 0.0400390625 0.9248046875 0.0791015625 0.150390625
8 0.072265625 0.6181640625 0.0927734375 0.126953125
8 0.71875 0.263671875 0.0859375 0.1474609375
8 0.958984375 0.8583984375 0.0810546875 0.1962890625