1 0.1962890625 0.19921875 0.3212890625 0.1513671875
1 0.1572265625 0.642578125 0.232421875 0.228515625
1 0.2744140625 0.453125 0.0849609375 0.1357421875
1 0.4091796875 0.4130859375 0.0703125 0.1181640625
1 0.3232421875 0.6142578125 0.06640625 0.138671875
1 0.474609375 0.595703125 0.0908203125 0.0546875
1 0.4638671875 0.26171875 0.0869140625 0.0791015625
1 0.6494140625 0.12890625 0.2763671875 0.16796875
1 0.6103515625 0.234375 0.091796875 0.0673828125
1 0.5673828125 0.4599609375 0.0947265625 0.11328125
1 0.7734375 0.44921875 0.3076171875 0.2724609375
1 0.5556640625 0.8017578125 0.3564453125 0.224609375
1 0.71875 0.6953125 0.1123046875 0.0771484375
1 0.8037109375 0.8154296875 0.1015625 0.13671875
1 0.9091796875 0.681640625 0.1015625 0.0625