6 0.673828125 0.5146484375 0.1923828125 0.1826171875
6 0.7705078125 0.287109375 0.1767578125 0.2548828125
6 0.4541015625 0.2666015625 0.25390625 0.2060546875
6 0.111328125 0.1376953125 0.2001953125 0.220703125
6 0.47265625 0.7724609375 0.16796875 0.1376953125
6 0.4208984375 0.68359375 0.2001953125 0.0966796875
6 0.86328125 0.4091796875 0.2060546875 0.1826171875
6 0.3564453125 0.53125 0.400390625 0.1796875
6 0.482421875 0.0908203125 0.2666015625 0.16796875
6 0.7822265625 0.080078125 0.1337890625 0.16015625
6 0.9580078125 0.3974609375 0.083984375 0.115234375