8 0.1728515625 0.763671875 0.2138671875 0.228515625
8 0.4482421875 0.7353515625 0.1689453125 0.2548828125
8 0.587890625 0.5400390625 0.177734375 0.1015625
8 0.7919921875 0.689453125 0.1630859375 0.2177734375
8 0.4150390625 0.173828125 0.15625 0.1181640625
8 0.240234375 0.5693359375 0.15234375 0.1787109375
8 0.3935546875 0.470703125 0.0771484375 0.091796875
8 0.4248046875 0.33203125 0.09375 0.1416015625
8 0.5615234375 0.2841796875 0.0947265625 0.0888671875
8 0.802734375 0.3779296875 0.0888671875 0.1484375
8 0.8544921875 0.5576171875 0.291015625 0.154296875
8 0.490234375 0.365234375 0.10546875 0.142578125
8 0.662109375 0.3583984375 0.0703125 0.1455078125
8 0.7529296875 0.0634765625 0.232421875 0.126953125
8 0.4794921875 0.0458984375 0.173828125 0.091796875
8 0.556640625 0.189453125 0.056640625 0.1064453125
8 0.68359375 0.865234375 0.15234375 0.1015625
8 0.4912109375 0.5595703125 0.0751953125 0.1357421875
8 0.61328125 0.087890625 0.09765625 0.1474609375