6 0.3251953125 0.1533203125 0.1904296875 0.3056640625
6 0.134765625 0.4052734375 0.2021484375 0.2392578125
6 0.19921875 0.7666015625 0.166015625 0.322265625
6 0.37890625 0.6826171875 0.177734375 0.2900390625
6 0.5068359375 0.517578125 0.1357421875 0.3330078125
6 0.6142578125 0.2568359375 0.2236328125 0.2587890625
6 0.54296875 0.857421875 0.3310546875 0.28515625
6 0.78515625 0.927734375 0.0615234375 0.1044921875
6 0.921875 0.8056640625 0.1552734375 0.255859375
6 0.94140625 0.3681640625 0.1162109375 0.4775390625
6 0.3115234375 0.36328125 0.08203125 0.12109375
6 0.12890625 0.5634765625 0.140625 0.2392578125