5 0.51953125 0.0986328125 0.20703125 0.197265625
1 0.517578125 0.8212890625 0.083984375 0.20703125
5 0.109375 0.7802734375 0.20703125 0.267578125
5 0.1474609375 0.537109375 0.1494140625 0.25390625
5 0.3037109375 0.1943359375 0.169921875 0.25390625
5 0.787109375 0.251953125 0.328125 0.2392578125
1 0.708984375 0.150390625 0.103515625 0.0927734375
5 0.8701171875 0.79296875 0.1728515625 0.12890625
5 0.6796875 0.724609375 0.1904296875 0.2001953125
1 0.5185546875 0.587890625 0.091796875 0.24609375
5 0.3271484375 0.56640625 0.1181640625 0.275390625
5 0.24609375 0.31640625 0.15234375 0.275390625
5 0.4443359375 0.3818359375 0.251953125 0.2255859375
5 0.705078125 0.5478515625 0.267578125 0.232421875