8 0.34375 0.6435546875 0.1357421875 0.224609375
8 0.478515625 0.685546875 0.14453125 0.2412109375
8 0.7109375 0.7060546875 0.0927734375 0.1337890625
8 0.7529296875 0.4228515625 0.095703125 0.134765625
8 0.8291015625 0.53125 0.0771484375 0.1318359375
8 0.8896484375 0.318359375 0.1533203125 0.236328125
8 0.4267578125 0.3720703125 0.0927734375 0.1787109375
8 0.30859375 0.365234375 0.09375 0.23828125
8 0.12109375 0.396484375 0.2138671875 0.228515625
8 0.271484375 0.8876953125 0.1611328125 0.150390625
8 0.876953125 0.869140625 0.1962890625 0.248046875