8 0.7802734375 0.1513671875 0.1640625 0.115234375
8 0.6796875 0.46875 0.1796875 0.1806640625
8 0.5751953125 0.4580078125 0.1259765625 0.1435546875
8 0.1005859375 0.1982421875 0.0791015625 0.1416015625
8 0.212890625 0.181640625 0.0849609375 0.1298828125
8 0.59375 0.216796875 0.1162109375 0.140625
8 0.3505859375 0.5615234375 0.23046875 0.21875
8 0.7939453125 0.6279296875 0.2763671875 0.2099609375
8 0.6884765625 0.82421875 0.263671875 0.3515625
8 0.50390625 0.6435546875 0.1962890625 0.1689453125
8 0.8583984375 0.4521484375 0.171875 0.142578125
8 0.4130859375 0.75390625 0.146484375 0.2705078125
8 0.8740234375 0.8896484375 0.193359375 0.220703125
8 0.0625 0.048828125 0.06640625 0.09765625
8 0.146484375 0.0712890625 0.0556640625 0.072265625
8 0.3857421875 0.0888671875 0.080078125 0.0830078125
8 0.3408203125 0.197265625 0.0908203125 0.15625
8 0.033203125 0.4658203125 0.06640625 0.109375
8 0.07421875 0.5205078125 0.1279296875 0.138671875
8 0.2607421875 0.701171875 0.1650390625 0.1689453125
8 0.689453125 0.294921875 0.080078125 0.1435546875
8 0.8203125 0.2060546875 0.0986328125 0.1142578125
8 0.5654296875 0.072265625 0.162109375 0.1435546875