8 0.828125 0.4130859375 0.17578125 0.19140625
8 0.6044921875 0.3447265625 0.140625 0.201171875
8 0.3994140625 0.138671875 0.1796875 0.1982421875
8 0.3701171875 0.2978515625 0.13671875 0.1982421875
8 0.166015625 0.396484375 0.173828125 0.142578125
8 0.3515625 0.56640625 0.17578125 0.30078125
8 0.7197265625 0.51171875 0.091796875 0.16015625
8 0.0615234375 0.6220703125 0.123046875 0.30078125
8 0.541015625 0.8955078125 0.099609375 0.1533203125
8 0.6669921875 0.7861328125 0.140625 0.16015625
8 0.8212890625 0.11328125 0.30859375 0.224609375
8 0.734375 0.9140625 0.244140625 0.119140625