8 0.3544921875 0.83203125 0.154296875 0.1826171875
8 0.724609375 0.6396484375 0.0439453125 0.05078125
8 0.564453125 0.3486328125 0.1064453125 0.140625
8 0.2333984375 0.412109375 0.2353515625 0.146484375
8 0.384765625 0.2373046875 0.1767578125 0.1611328125
8 0.5517578125 0.1513671875 0.083984375 0.1484375
8 0.4482421875 0.48046875 0.1142578125 0.099609375
8 0.6513671875 0.7578125 0.09375 0.0732421875
8 0.6484375 0.6318359375 0.0849609375 0.0498046875
8 0.3671875 0.6005859375 0.0478515625 0.0634765625
8 0.2890625 0.6865234375 0.087890625 0.099609375
8 0.14453125 0.52734375 0.1318359375 0.1083984375
8 0.62890625 0.861328125 0.1904296875 0.16015625
8 0.275390625 0.107421875 0.06640625 0.1337890625