8 0.833984375 0.896484375 0.0888671875 0.2060546875
8 0.595703125 0.91015625 0.07421875 0.09765625
8 0.501953125 0.7275390625 0.1015625 0.123046875
8 0.55078125 0.0810546875 0.05859375 0.0693359375
8 0.484375 0.1240234375 0.0478515625 0.0654296875
8 0.5361328125 0.2373046875 0.0673828125 0.0576171875
8 0.4443359375 0.2080078125 0.087890625 0.0595703125
8 0.7431640625 0.220703125 0.068359375 0.0859375
8 0.5546875 0.4443359375 0.1162109375 0.1123046875
8 0.7802734375 0.6240234375 0.060546875 0.095703125
8 0.79296875 0.4111328125 0.076171875 0.08203125
8 0.77734375 0.35546875 0.056640625 0.0595703125
8 0.107421875 0.390625 0.060546875 0.1201171875
8 0.287109375 0.8203125 0.15234375 0.1162109375
8 0.1875 0.9150390625 0.0810546875 0.169921875
8 0.2314453125 0.6904296875 0.0751953125 0.134765625
8 0.478515625 0.66015625 0.064453125 0.1279296875
8 0.396484375 0.5458984375 0.0927734375 0.0849609375
8 0.4873046875 0.49609375 0.083984375 0.0830078125
8 0.2939453125 0.0986328125 0.0546875 0.0908203125
8 0.30078125 0.2314453125 0.0693359375 0.115234375
8 0.2041015625 0.1728515625 0.05078125 0.1025390625
8 0.1435546875 0.2509765625 0.0595703125 0.1572265625
8 0.3115234375 0.53515625 0.0400390625 0.0849609375
8 0.1474609375 0.427734375 0.0361328125 0.0859375
8 0.0693359375 0.4853515625 0.138671875 0.0771484375
8 0.2373046875 0.1083984375 0.029296875 0.0732421875
8 0.24609375 0.1728515625 0.03515625 0.04296875
8 0.220703125 0.4462890625 0.0234375 0.0478515625
8 0.427734375 0.3427734375 0.05859375 0.0732421875
8 0.6943359375 0.41796875 0.0732421875 0.0654296875
8 0.740234375 0.552734375 0.046875 0.0654296875
8 0.7958984375 0.4951171875 0.0400390625 0.0380859375
8 0.82421875 0.5263671875 0.0537109375 0.0693359375
8 0.70703125 0.349609375 0.03515625 0.0732421875
8 0.728515625 0.2841796875 0.0419921875 0.037109375
8 0.6845703125 0.7236328125 0.0419921875 0.04296875
8 0.7451171875 0.7958984375 0.03125 0.072265625
8 0.4326171875 0.69921875 0.0576171875 0.0732421875
8 0.482421875 0.556640625 0.0302734375 0.0390625
8 0.3671875 0.47265625 0.0439453125 0.0517578125
8 0.0703125 0.9404296875 0.0517578125 0.0791015625
8 0.1923828125 0.09765625 0.0498046875 0.052734375
8 0.15234375 0.126953125 0.0322265625 0.0439453125
8 0.3291015625 0.1767578125 0.05859375 0.0556640625
8 0.439453125 0.0654296875 0.0498046875 0.0732421875
8 0.6904296875 0.265625 0.037109375 0.0458984375
8 0.7431640625 0.166015625 0.0341796875 0.033203125
8 0.7685546875 0.056640625 0.025390625 0.0751953125
8 0.548828125 0.6494140625 0.1142578125 0.16796875
8 0.6328125 0.7548828125 0.0283203125 0.0595703125
8 0.6533203125 0.9150390625 0.0361328125 0.0419921875
8 0.6435546875 0.58203125 0.091796875 0.0654296875
8 0.8359375 0.1123046875 0.1328125 0.0703125
8 0.6982421875 0.9130859375 0.0419921875 0.041015625