1 0.630859375 0.7255859375 0.21875 0.2568359375
1 0.4033203125 0.5712890625 0.2666015625 0.1396484375
1 0.3037109375 0.4150390625 0.3134765625 0.1796875
1 0.6845703125 0.5419921875 0.25 0.115234375
1 0.611328125 0.478515625 0.1376953125 0.0908203125
1 0.6796875 0.1396484375 0.2529296875 0.1044921875
1 0.1923828125 0.166015625 0.2041015625 0.138671875
1 0.3984375 0.306640625 0.134765625 0.0751953125
1 0.2900390625 0.078125 0.173828125 0.0751953125
1 0.5625 0.2138671875 0.0791015625 0.1181640625
1 0.7900390625 0.3662109375 0.267578125 0.138671875
1 0.958984375 0.33203125 0.0810546875 0.1103515625
1 0.9140625 0.44921875 0.095703125 0.12109375
1 0.9033203125 0.0546875 0.0908203125 0.109375
1 0.7578125 0.072265625 0.212890625 0.138671875