1 0.7587890625 0.0537109375 0.3212890625 0.107421875
1 0.234375 0.3896484375 0.349609375 0.326171875
1 0.794921875 0.3759765625 0.2490234375 0.220703125
1 0.70703125 0.5859375 0.30078125 0.205078125
1 0.2763671875 0.5859375 0.349609375 0.2255859375
1 0.3388671875 0.755859375 0.318359375 0.173828125
1 0.6162109375 0.7978515625 0.22265625 0.205078125
1 0.3173828125 0.1416015625 0.271484375 0.1494140625
1 0.482421875 0.21484375 0.07421875 0.1171875
1 0.482421875 0.30859375 0.078125 0.087890625
1 0.6533203125 0.275390625 0.0595703125 0.1123046875
1 0.6279296875 0.4130859375 0.166015625 0.0732421875
1 0.4453125 0.615234375 0.083984375 0.1142578125