1 0.734375 0.8525390625 0.32421875 0.294921875
1 0.3603515625 0.669921875 0.3046875 0.146484375
1 0.7626953125 0.2607421875 0.37890625 0.150390625
1 0.7490234375 0.0859375 0.2919921875 0.171875
1 0.1982421875 0.5380859375 0.396484375 0.1669921875
1 0.34375 0.3798828125 0.162109375 0.1005859375
1 0.26953125 0.37109375 0.0791015625 0.138671875
1 0.50390625 0.24609375 0.1103515625 0.052734375
1 0.580078125 0.421875 0.2109375 0.0849609375
1 0.55078125 0.587890625 0.05859375 0.0986328125
1 0.6025390625 0.3583984375 0.0888671875 0.11328125