1 0.583984375 0.716796875 0.185546875 0.333984375
1 0.2685546875 0.17578125 0.353515625 0.2802734375
1 0.3515625 0.392578125 0.392578125 0.306640625
1 0.736328125 0.58984375 0.2158203125 0.2431640625
1 0.783203125 0.189453125 0.17578125 0.1357421875
1 0.5791015625 0.1884765625 0.0986328125 0.177734375
1 0.55859375 0.400390625 0.091796875 0.1259765625
1 0.673828125 0.353515625 0.087890625 0.091796875
1 0.7294921875 0.4052734375 0.1806640625 0.1142578125
1 0.830078125 0.7783203125 0.330078125 0.2099609375
1 0.8017578125 0.1455078125 0.068359375 0.138671875