1 0.5341796875 0.58203125 0.173828125 0.2197265625
1 0.3583984375 0.4892578125 0.19140625 0.1162109375
1 0.560546875 0.4111328125 0.1484375 0.119140625
1 0.138671875 0.212890625 0.26171875 0.181640625
1 0.587890625 0.1630859375 0.2841796875 0.2353515625
1 0.591796875 0.298828125 0.232421875 0.14453125
1 0.259765625 0.3779296875 0.224609375 0.1025390625
1 0.3203125 0.296875 0.16796875 0.10546875
1 0.388671875 0.4140625 0.099609375 0.0654296875
1 0.3251953125 0.15625 0.119140625 0.05859375
1 0.2939453125 0.232421875 0.052734375 0.0888671875