1 0.150390625 0.2734375 0.2919921875 0.1591796875
1 0.72265625 0.2265625 0.2578125 0.12109375
1 0.23046875 0.5126953125 0.353515625 0.1904296875
1 0.798828125 0.4892578125 0.275390625 0.2314453125
1 0.5009765625 0.7548828125 0.205078125 0.203125
1 0.767578125 0.87890625 0.216796875 0.2421875
1 0.7734375 0.705078125 0.2177734375 0.1328125
1 0.3818359375 0.3251953125 0.076171875 0.103515625
1 0.478515625 0.353515625 0.09765625 0.06640625
1 0.6103515625 0.4736328125 0.07421875 0.0791015625
1 0.4892578125 0.5849609375 0.1572265625 0.0849609375