1 0.560546875 0.7509765625 0.2001953125 0.287109375
1 0.626953125 0.544921875 0.2685546875 0.1357421875
1 0.20703125 0.427734375 0.263671875 0.126953125
1 0.1796875 0.24609375 0.2373046875 0.150390625
1 0.283203125 0.1181640625 0.1669921875 0.107421875
1 0.3671875 0.51953125 0.1162109375 0.0791015625
1 0.638671875 0.1796875 0.3583984375 0.20703125
1 0.58203125 0.3837890625 0.3037109375 0.251953125
1 0.3017578125 0.302734375 0.1376953125 0.083984375
1 0.384765625 0.4482421875 0.0693359375 0.0615234375
1 0.8388671875 0.279296875 0.322265625 0.275390625