1 0.681640625 0.5771484375 0.224609375 0.1640625
1 0.380859375 0.578125 0.328125 0.138671875
1 0.765625 0.408203125 0.2802734375 0.181640625
1 0.4775390625 0.8037109375 0.3740234375 0.212890625
1 0.26953125 0.2177734375 0.353515625 0.1611328125
1 0.7216796875 0.0703125 0.1494140625 0.11328125
1 0.412109375 0.083984375 0.13671875 0.0869140625
1 0.505859375 0.1328125 0.0576171875 0.0849609375
1 0.5234375 0.1953125 0.1240234375 0.11328125
1 0.51953125 0.6787109375 0.1162109375 0.076171875
1 0.6435546875 0.658203125 0.109375 0.072265625
1 0.6083984375 0.412109375 0.1005859375 0.083984375