1 0.7158203125 0.8603515625 0.224609375 0.279296875
1 0.46484375 0.7392578125 0.2548828125 0.2509765625
1 0.29296875 0.44921875 0.3505859375 0.232421875
1 0.4521484375 0.5341796875 0.185546875 0.0927734375
1 0.30078125 0.1806640625 0.314453125 0.35546875
1 0.7724609375 0.271484375 0.275390625 0.1923828125
1 0.74609375 0.51171875 0.3046875 0.2333984375
1 0.736328125 0.693359375 0.224609375 0.1748046875
1 0.6357421875 0.115234375 0.158203125 0.1435546875
1 0.4384765625 0.2255859375 0.162109375 0.0947265625
1 0.6572265625 0.576171875 0.177734375 0.0869140625
1 0.6318359375 0.353515625 0.1474609375 0.087890625