1 0.50390625 0.845703125 0.2080078125 0.3076171875
1 0.662109375 0.6708984375 0.3017578125 0.1630859375
1 0.310546875 0.6337890625 0.26171875 0.126953125
1 0.8037109375 0.041015625 0.2724609375 0.08203125
1 0.83203125 0.2666015625 0.1884765625 0.1669921875
1 0.271484375 0.3623046875 0.3125 0.24609375
1 0.5732421875 0.50390625 0.1279296875 0.05859375
1 0.3896484375 0.5068359375 0.1513671875 0.076171875
1 0.6259765625 0.28515625 0.177734375 0.0693359375
1 0.4130859375 0.23046875 0.1572265625 0.1162109375
1 0.66796875 0.1328125 0.080078125 0.099609375