1 0.162109375 0.1650390625 0.3232421875 0.158203125
1 0.5576171875 0.7548828125 0.103515625 0.28515625
1 0.181640625 0.357421875 0.3623046875 0.1923828125
1 0.6015625 0.2041015625 0.1904296875 0.201171875
1 0.669921875 0.369140625 0.3359375 0.279296875
1 0.3359375 0.4794921875 0.2822265625 0.18359375
1 0.658203125 0.576171875 0.2294921875 0.09375
1 0.3603515625 0.3662109375 0.146484375 0.091796875
1 0.38671875 0.189453125 0.1142578125 0.0810546875
1 0.451171875 0.3212890625 0.107421875 0.1181640625
1 0.57421875 0.50390625 0.095703125 0.05859375