1 0.5673828125 0.81640625 0.248046875 0.3671875
1 0.6962890625 0.568359375 0.2236328125 0.1875
1 0.41015625 0.5244140625 0.314453125 0.146484375
1 0.728515625 0.42578125 0.232421875 0.2509765625
1 0.3505859375 0.3310546875 0.4228515625 0.1591796875
1 0.365234375 0.1484375 0.361328125 0.19140625
1 0.505859375 0.6005859375 0.1220703125 0.056640625
1 0.515625 0.42578125 0.1240234375 0.0712890625
1 0.6552734375 0.419921875 0.1318359375 0.052734375
1 0.642578125 0.18359375 0.11328125 0.0634765625
1 0.5078125 0.2119140625 0.146484375 0.0615234375