4 0.1494140625 0.4697265625 0.298828125 0.126953125
4 0.107421875 0.3603515625 0.21484375 0.103515625
4 0.3251953125 0.6484375 0.294921875 0.1943359375
4 0.6767578125 0.5419921875 0.384765625 0.2529296875
4 0.3857421875 0.244140625 0.224609375 0.1455078125
4 0.443359375 0.9091796875 0.46484375 0.181640625
4 0.365234375 0.4462890625 0.1611328125 0.10546875
4 0.138671875 0.181640625 0.177734375 0.0966796875
4 0.13671875 0.939453125 0.1728515625 0.080078125
4 0.0830078125 0.837890625 0.166015625 0.1533203125
4 0.1123046875 0.04296875 0.224609375 0.0859375
4 0.5615234375 0.4248046875 0.185546875 0.0869140625
4 0.4462890625 0.37109375 0.267578125 0.1015625
4 0.0908203125 0.623046875 0.181640625 0.185546875