4 0.13671875 0.78125 0.271484375 0.125
4 0.125 0.279296875 0.2060546875 0.197265625
4 0.2275390625 0.705078125 0.080078125 0.072265625
4 0.2470703125 0.6318359375 0.087890625 0.091796875
4 0.2099609375 0.537109375 0.1572265625 0.1396484375
4 0.3681640625 0.501953125 0.1298828125 0.119140625
4 0.3916015625 0.7529296875 0.16796875 0.1240234375
4 0.517578125 0.80078125 0.134765625 0.16015625
4 0.5166015625 0.59765625 0.126953125 0.134765625
4 0.373046875 0.6201171875 0.142578125 0.1064453125
4 0.6435546875 0.689453125 0.1376953125 0.1767578125
4 0.8984375 0.6953125 0.146484375 0.1376953125
4 0.7216796875 0.5263671875 0.111328125 0.056640625