4 0.693359375 0.46484375 0.177734375 0.162109375
4 0.796875 0.2109375 0.15234375 0.1376953125
4 0.923828125 0.2109375 0.103515625 0.1689453125
4 0.599609375 0.66015625 0.236328125 0.20703125
4 0.8046875 0.5888671875 0.1748046875 0.1435546875
4 0.47265625 0.7763671875 0.29296875 0.28125
4 0.3466796875 0.4931640625 0.3115234375 0.23046875
4 0.431640625 0.31640625 0.134765625 0.1494140625
4 0.111328125 0.126953125 0.185546875 0.2529296875
4 0.572265625 0.2724609375 0.1171875 0.2705078125
4 0.7060546875 0.30859375 0.10546875 0.2021484375