4 0.478515625 0.173828125 0.17578125 0.1552734375
4 0.37890625 0.046875 0.1875 0.09375
4 0.283203125 0.13671875 0.1357421875 0.1318359375
4 0.3681640625 0.4560546875 0.099609375 0.095703125
4 0.5634765625 0.4697265625 0.171875 0.126953125
4 0.6630859375 0.6484375 0.1474609375 0.1943359375
4 0.837890625 0.5419921875 0.1923828125 0.2529296875
4 0.693359375 0.2431640625 0.1123046875 0.1455078125
4 0.7216796875 0.9091796875 0.232421875 0.181640625
4 0.47265625 0.796875 0.0888671875 0.099609375
4 0.439453125 0.9521484375 0.1201171875 0.0859375
4 0.083984375 0.8212890625 0.1015625 0.2783203125
4 0.28515625 0.5654296875 0.140625 0.115234375
4 0.568359375 0.9384765625 0.0859375 0.080078125
4 0.5185546875 0.8369140625 0.1298828125 0.15234375
4 0.3095703125 0.7255859375 0.125 0.189453125
4 0.4970703125 0.6328125 0.185546875 0.19140625
4 0.486328125 0.3837890625 0.0869140625 0.072265625
4 0.5498046875 0.0439453125 0.126953125 0.0869140625
4 0.78125 0.4248046875 0.0927734375 0.0869140625