4 0.7890625 0.8798828125 0.25 0.23828125
4 0.1328125 0.4052734375 0.119140625 0.119140625
4 0.287109375 0.9423828125 0.3017578125 0.115234375
4 0.302734375 0.826171875 0.4951171875 0.2001953125
4 0.3388671875 0.5029296875 0.205078125 0.078125
4 0.2509765625 0.44140625 0.123046875 0.103515625
4 0.3349609375 0.2841796875 0.1884765625 0.068359375
4 0.5166015625 0.30859375 0.1669921875 0.12109375
4 0.517578125 0.451171875 0.2353515625 0.1064453125
4 0.607421875 0.7509765625 0.2998046875 0.16796875
4 0.6162109375 0.5771484375 0.185546875 0.1328125
4 0.7578125 0.5185546875 0.333984375 0.1435546875