4 0.1533203125 0.806640625 0.2470703125 0.2412109375
4 0.916015625 0.3564453125 0.1455078125 0.1591796875
4 0.21484375 0.5205078125 0.23828125 0.1943359375
4 0.3388671875 0.25390625 0.1748046875 0.19921875
4 0.25390625 0.6689453125 0.201171875 0.1279296875
4 0.4462890625 0.67578125 0.236328125 0.1484375
4 0.4443359375 0.55078125 0.2607421875 0.2138671875
4 0.431640625 0.3798828125 0.2080078125 0.076171875
4 0.4736328125 0.1982421875 0.2041015625 0.1494140625
4 0.5673828125 0.79296875 0.3095703125 0.2646484375
4 0.77734375 0.6162109375 0.4453125 0.1826171875
4 0.91015625 0.4716796875 0.1298828125 0.125
4 0.81640625 0.23046875 0.2568359375 0.251953125