4 0.56640625 0.3134765625 0.2177734375 0.2333984375
4 0.5791015625 0.6142578125 0.2685546875 0.2841796875
4 0.361328125 0.62890625 0.259765625 0.26953125
4 0.259765625 0.78125 0.169921875 0.15234375
4 0.3017578125 0.2880859375 0.2060546875 0.171875
4 0.701171875 0.8916015625 0.1826171875 0.1376953125
4 0.3544921875 0.86328125 0.09765625 0.1455078125
4 0.4033203125 0.8076171875 0.083984375 0.1396484375
4 0.064453125 0.767578125 0.07421875 0.1259765625
4 0.9248046875 0.17578125 0.150390625 0.166015625
4 0.7763671875 0.5048828125 0.150390625 0.1591796875
4 0.822265625 0.7822265625 0.16015625 0.1552734375