4 0.728515625 0.875 0.1611328125 0.1435546875
4 0.8154296875 0.7861328125 0.1396484375 0.078125
4 0.9375 0.71484375 0.125 0.1298828125
4 0.8046875 0.6826171875 0.1845703125 0.126953125
4 0.6484375 0.119140625 0.1259765625 0.1201171875
4 0.7138671875 0.580078125 0.083984375 0.0634765625
4 0.798828125 0.427734375 0.1298828125 0.0830078125
4 0.60546875 0.5849609375 0.076171875 0.0673828125
4 0.689453125 0.7099609375 0.0986328125 0.0859375
4 0.5283203125 0.7568359375 0.197265625 0.138671875
4 0.3857421875 0.572265625 0.189453125 0.1953125
4 0.5078125 0.6103515625 0.0947265625 0.1357421875
4 0.3203125 0.40625 0.138671875 0.138671875
4 0.4345703125 0.412109375 0.1259765625 0.158203125
4 0.1796875 0.5 0.140625 0.1376953125
4 0.1318359375 0.669921875 0.1484375 0.083984375
4 0.142578125 0.560546875 0.1103515625 0.0986328125
4 0.134765625 0.3427734375 0.1220703125 0.1015625