4 0.650390625 0.15625 0.3203125 0.3115234375
4 0.275390625 0.4140625 0.18359375 0.169921875
4 0.3984375 0.7958984375 0.1533203125 0.189453125
4 0.5126953125 0.8154296875 0.1328125 0.181640625
4 0.7265625 0.76171875 0.1728515625 0.203125
4 0.8466796875 0.4912109375 0.1611328125 0.177734375
4 0.7197265625 0.3154296875 0.1904296875 0.146484375
4 0.4189453125 0.291015625 0.09765625 0.142578125
4 0.265625 0.6435546875 0.1005859375 0.1962890625
4 0.5703125 0.7080078125 0.1748046875 0.2802734375
4 0.5712890625 0.4072265625 0.1826171875 0.1728515625