4 0.6982421875 0.369140625 0.349609375 0.15625
4 0.732421875 0.53515625 0.4736328125 0.1396484375
4 0.4541015625 0.4697265625 0.2958984375 0.142578125
4 0.6767578125 0.7099609375 0.388671875 0.150390625
4 0.0888671875 0.6875 0.1767578125 0.2060546875
4 0.427734375 0.91015625 0.447265625 0.177734375
4 0.41796875 0.359375 0.29296875 0.1083984375
4 0.48828125 0.6357421875 0.39453125 0.19921875
4 0.455078125 0.2197265625 0.361328125 0.1953125
4 0.072265625 0.8505859375 0.1435546875 0.07421875
4 0.1123046875 0.552734375 0.130859375 0.0751953125