4 0.1630859375 0.666015625 0.326171875 0.216796875
4 0.625 0.396484375 0.54296875 0.19921875
4 0.107421875 0.4423828125 0.2138671875 0.162109375
4 0.830078125 0.76953125 0.3388671875 0.236328125
4 0.0712890625 0.2275390625 0.142578125 0.1513671875
4 0.1630859375 0.07421875 0.1787109375 0.1484375
4 0.1787109375 0.7412109375 0.2421875 0.1162109375
4 0.345703125 0.8173828125 0.2109375 0.11328125
4 0.400390625 0.8916015625 0.326171875 0.216796875
4 0.2529296875 0.2802734375 0.392578125 0.185546875
4 0.3505859375 0.109375 0.294921875 0.1591796875
4 0.515625 0.076171875 0.421875 0.15234375
4 0.50390625 0.5537109375 0.12109375 0.09375
4 0.3681640625 0.697265625 0.1357421875 0.07421875