4 0.4248046875 0.60546875 0.1884765625 0.2353515625
4 0.5009765625 0.134765625 0.271484375 0.26953125
4 0.5693359375 0.26953125 0.0859375 0.1572265625
4 0.80859375 0.5185546875 0.091796875 0.166015625
4 0.3193359375 0.2822265625 0.1044921875 0.2666015625
4 0.1923828125 0.3310546875 0.1875 0.1728515625
4 0.390625 0.7802734375 0.1904296875 0.171875
4 0.5546875 0.439453125 0.1884765625 0.2080078125
4 0.267578125 0.125 0.119140625 0.25
4 0.3310546875 0.5166015625 0.119140625 0.234375
4 0.8720703125 0.2939453125 0.1142578125 0.1767578125